symbol,date,analysis
AVGO,2025-08-14,"**Sentiment Evolution Analysis:**

**Last Week (2025-08-01 to 2025-08-07):**

*   **Broad Trend:** The sentiment was mixed, with a noticeable shift towards positive sentiment towards the end of the week.
*   **Positive Developments:**
    *   Trump's potential tariff exemptions for semiconductor companies generated positive sentiment, particularly for Apple and related tech stocks.
    *   Broadcom's announcement of the Jericho4 Ethernet Fabric Router and expansion into AI cloud infrastructure contributed to positive sentiment.
    *   Positive earnings reports and anticipation of Fed rate cuts boosted overall market sentiment.
    *   Apple's additional $100 billion investment in the US also had a positive impact.
*   **Negative Factors:**
    *   Initial concerns about potential semiconductor tariffs negatively impacted Broadcom, Nvidia, and other chip stocks.
    *   Reports of security flaws in Dell laptops caused negative sentiment.
    *   Applied Optoelectronics reported a Q2 loss, contributing to negative sentiment.
    *   Billionaire David Tepper selling Nvidia, AMD, and TSMC, and loading up on AI stock, introduced some uncertainty.

**This Week (2025-08-08 to 2025-08-08):**

*   **Broad Trend:** The sentiment is predominantly positive, driven by continued positive news and market reactions.
*   **Positive Developments:**
    *   Nvidia stock gains, despite some earlier concerns, are a key positive indicator.
    *   Continued focus on Broadcom's AI infrastructure and partnerships.
    *   Positive market reaction to tariff exemption hopes.
*   **Negative Factors:**
    *   Some reports of Broadcom falling more steeply than the broader market indicate potential underlying concerns.

**Sentiment Outlook for Today (2025-08-08):**

Based on the provided data, the sentiment is positive. The continued gains in Nvidia stock, positive market reactions to tariff exemptions, and ongoing focus on Broadcom's AI initiatives suggest a positive outlook.

AVGO,2025-08-08,55.00,30.00,15.00,positive"
